((("--continue" .
   [0 0 0 0 0 0 0 0 0 1])
  ("prelude/" .
   [0 0 0 0 0 0 0 1])
  ("pid2" .
   [1 0 0 0])
  ("rid2" .
   [1 0 0 0])
  ("fight" .
   [1 0 0 0 0])
  ("pid1" .
   [1 0 0 0])
  ("PlayerId" .
   [4 0 0 0 0 0 0 0])
  ("PlayerPid" .
   [5 0 0 0 0 0 0 0 0])
  ("PlayerID" .
   [1 0 0 0 0 0 0 0])
  ("FbtRob" .
   [5 0 0 0 0 0])
  ("fbt_peach" .
   [2 0 0 0 0 0 0 0 0])
  ("Reply" .
   [2 0 0 0 0])
  ("reply" .
   [1 0 0 0 0])
  ("Peach" .
   [4 0 0 0 0])
  ("_From" .
   [1 0 0 0 0])
  ("State" .
   [3 0 0 0 0])
  ("Uid" .
   [3 0 0])
  ("Pid" .
   [2 0 0])
  ("peach_rob" .
   [1 0 0 0 0 0 0 0 0])
  ("rid1" .
   [2 0 0 0])
  ("Player" .
   [1 0 0 0 0 0])
  ("fbt_rob" .
   [5 0 0 0 0 0 0])
  ("Data" .
   [1 0 0 0])
  ("ok" .
   [5 0])
  ("../" .
   [0 0 1])
  ("ll" .
   [1 0])
  ("cd" .
   [1 0])
  ("sh/" .
   [0 0 1])
  ("binary" .
   [0 1 2 0 0 0])
  (".emacs.d/" .
   [0 0 0 0 0 0 2 0 2])
  ("watch.sh" .
   [0 0 0 0 0 0 0 2])
  ("org-time-stamp" .
   [0 0 0 0 0 0 0 0 0 0 0 0 1 0])
  ("src/" .
   [0 0 0 1])))
